0.000000 0.000000 0.000000 0.000000 0.000000 0.000000 0.000000 0.000000 0.000000 0.000000  appeared(N0)       
0.000000 0.000000 0.000000 0.000000 0.000000 0.000000 0.000000 0.000000 0.000000 0.000000  appeared(N4)       
0.020000 0.010000 0.006667 0.005000 0.004000 0.003333 0.002857 0.002500 0.002222 0.002000  appeared(N5)       
0.020000 0.010000 0.006667 0.005000 0.004000 0.003333 0.002857 0.002500 0.002222 0.002000  disappeared(O0)    
0.000000 0.000000 0.000000 0.000000 0.000000 0.000000 0.000000 0.000000 0.000000 0.000000  disappeared(O1)    
0.040000 0.020000 0.013333 0.010000 0.008000 0.006667 0.005714 0.005000 0.004444 0.004000  disappeared(O4)    
0.080000 0.040000 0.026667 0.020000 0.016000 0.013333 0.011429 0.010000 0.008889 0.008000  disappeared(O5)    
0.000000 0.000000 0.000000 0.000000 0.000000 0.000000 0.000000 0.000000 0.000000 0.000000  disappeared(O7)    
0.960000 0.980000 0.986667 0.990000 0.992000 0.993333 0.994286 0.995000 0.995556 0.996000  disappeared(O8)    
0.000000 0.000000 0.000000 0.000000 0.000000 0.000000 0.000000 0.000000 0.000000 0.000000  hidden(O0)         
1.000000 1.000000 1.000000 1.000000 1.000000 1.000000 1.000000 1.000000 1.000000 1.000000  hidden(O1)         
0.000000 0.000000 0.000000 0.000000 0.000000 0.000000 0.000000 0.000000 0.000000 0.000000  hidden(O4)         
0.000000 0.000000 0.000000 0.000000 0.000000 0.000000 0.000000 0.000000 0.000000 0.000000  hidden(O5)         
0.920000 0.960000 0.973333 0.980000 0.984000 0.986667 0.988571 0.990000 0.991111 0.992000  hidden(O7)         
0.000000 0.000000 0.000000 0.000000 0.000000 0.000000 0.000000 0.000000 0.000000 0.000000  hidden(O8)         
0.000000 0.000000 0.000000 0.000000 0.000000 0.000000 0.000000 0.000000 0.002222 0.004000  is(O0,N0,MOVE)     
0.040000 0.020000 0.013333 0.010000 0.024000 0.020000 0.022857 0.025000 0.026667 0.026000  is(O0,N0,NEWVIEW)  
0.100000 0.050000 0.033333 0.025000 0.020000 0.016667 0.014286 0.012500 0.011111 0.010000  is(O0,N0,NOT)      
0.860000 0.930000 0.953333 0.965000 0.956000 0.963333 0.962857 0.962500 0.960000 0.960000  is(O0,N0,STAY)     
0.000000 0.000000 0.000000 0.000000 0.000000 0.000000 0.000000 0.000000 0.000000 0.000000  is(O0,N4,MOVE)     
0.040000 0.020000 0.013333 0.010000 0.008000 0.006667 0.005714 0.005000 0.004444 0.004000  is(O0,N4,NEWVIEW)  
0.940000 0.970000 0.980000 0.985000 0.988000 0.990000 0.991429 0.992500 0.993333 0.994000  is(O0,N4,NOT)      
0.020000 0.010000 0.006667 0.005000 0.004000 0.003333 0.002857 0.002500 0.002222 0.002000  is(O0,N4,STAY)     
0.000000 0.000000 0.000000 0.000000 0.000000 0.000000 0.000000 0.000000 0.000000 0.000000  is(O0,N5,MOVE)     
0.020000 0.010000 0.006667 0.005000 0.004000 0.003333 0.002857 0.002500 0.002222 0.002000  is(O0,N5,NEWVIEW)  
0.980000 0.990000 0.993333 0.995000 0.996000 0.996667 0.997143 0.997500 0.997778 0.998000  is(O0,N5,NOT)      
0.000000 0.000000 0.000000 0.000000 0.000000 0.000000 0.000000 0.000000 0.000000 0.000000  is(O0,N5,STAY)     
0.000000 0.000000 0.000000 0.000000 0.000000 0.000000 0.000000 0.000000 0.000000 0.000000  is(O1,N0,MOVE)     
0.000000 0.000000 0.000000 0.000000 0.000000 0.000000 0.000000 0.000000 0.000000 0.000000  is(O1,N0,NEWVIEW)  
1.000000 1.000000 1.000000 1.000000 1.000000 1.000000 1.000000 1.000000 1.000000 1.000000  is(O1,N0,NOT)      
0.000000 0.000000 0.000000 0.000000 0.000000 0.000000 0.000000 0.000000 0.000000 0.000000  is(O1,N0,STAY)     
0.000000 0.000000 0.000000 0.000000 0.000000 0.000000 0.000000 0.000000 0.000000 0.000000  is(O1,N4,MOVE)     
0.000000 0.000000 0.000000 0.000000 0.000000 0.000000 0.000000 0.000000 0.000000 0.000000  is(O1,N4,NEWVIEW)  
1.000000 1.000000 1.000000 1.000000 1.000000 1.000000 1.000000 1.000000 1.000000 1.000000  is(O1,N4,NOT)      
0.000000 0.000000 0.000000 0.000000 0.000000 0.000000 0.000000 0.000000 0.000000 0.000000  is(O1,N4,STAY)     
0.000000 0.000000 0.000000 0.000000 0.000000 0.000000 0.000000 0.000000 0.000000 0.000000  is(O1,N5,MOVE)     
0.000000 0.000000 0.000000 0.000000 0.000000 0.000000 0.000000 0.000000 0.000000 0.000000  is(O1,N5,NEWVIEW)  
1.000000 1.000000 1.000000 1.000000 1.000000 1.000000 1.000000 1.000000 1.000000 1.000000  is(O1,N5,NOT)      
0.000000 0.000000 0.000000 0.000000 0.000000 0.000000 0.000000 0.000000 0.000000 0.000000  is(O1,N5,STAY)     
0.020000 0.010000 0.006667 0.005000 0.004000 0.003333 0.002857 0.002500 0.002222 0.002000  is(O4,N0,MOVE)     
0.000000 0.000000 0.000000 0.000000 0.000000 0.000000 0.000000 0.000000 0.000000 0.000000  is(O4,N0,NEWVIEW)  
0.980000 0.990000 0.993333 0.995000 0.996000 0.996667 0.997143 0.997500 0.997778 0.998000  is(O4,N0,NOT)      
0.000000 0.000000 0.000000 0.000000 0.000000 0.000000 0.000000 0.000000 0.000000 0.000000  is(O4,N0,STAY)     
0.120000 0.060000 0.040000 0.030000 0.024000 0.020000 0.017143 0.015000 0.013333 0.012000  is(O4,N4,MOVE)     
0.000000 0.000000 0.000000 0.000000 0.000000 0.010000 0.008571 0.007500 0.017778 0.016000  is(O4,N4,NEWVIEW)  
0.080000 0.040000 0.026667 0.020000 0.016000 0.013333 0.011429 0.010000 0.008889 0.008000  is(O4,N4,NOT)      
0.800000 0.900000 0.933333 0.950000 0.960000 0.956667 0.962857 0.967500 0.960000 0.964000  is(O4,N4,STAY)     
0.000000 0.000000 0.000000 0.000000 0.000000 0.000000 0.000000 0.000000 0.000000 0.000000  is(O4,N5,MOVE)     
0.000000 0.000000 0.000000 0.000000 0.000000 0.000000 0.000000 0.000000 0.000000 0.000000  is(O4,N5,NEWVIEW)  
0.980000 0.990000 0.993333 0.995000 0.996000 0.996667 0.997143 0.997500 0.997778 0.998000  is(O4,N5,NOT)      
0.020000 0.010000 0.006667 0.005000 0.004000 0.003333 0.002857 0.002500 0.002222 0.002000  is(O4,N5,STAY)     
0.000000 0.000000 0.000000 0.000000 0.000000 0.000000 0.000000 0.000000 0.000000 0.000000  is(O5,N0,MOVE)     
0.000000 0.000000 0.000000 0.000000 0.000000 0.000000 0.000000 0.000000 0.000000 0.000000  is(O5,N0,NEWVIEW)  
1.000000 1.000000 1.000000 1.000000 1.000000 1.000000 1.000000 1.000000 1.000000 1.000000  is(O5,N0,NOT)      
0.000000 0.000000 0.000000 0.000000 0.000000 0.000000 0.000000 0.000000 0.000000 0.000000  is(O5,N0,STAY)     
0.000000 0.000000 0.000000 0.000000 0.000000 0.000000 0.000000 0.000000 0.000000 0.000000  is(O5,N4,MOVE)     
0.000000 0.000000 0.000000 0.000000 0.000000 0.000000 0.000000 0.000000 0.000000 0.000000  is(O5,N4,NEWVIEW)  
0.980000 0.990000 0.993333 0.995000 0.996000 0.996667 0.997143 0.997500 0.997778 0.998000  is(O5,N4,NOT)      
0.020000 0.010000 0.006667 0.005000 0.004000 0.003333 0.002857 0.002500 0.002222 0.002000  is(O5,N4,STAY)     
0.020000 0.010000 0.006667 0.005000 0.004000 0.003333 0.002857 0.002500 0.002222 0.002000  is(O5,N5,MOVE)     
0.000000 0.030000 0.053333 0.055000 0.068000 0.076667 0.068571 0.075000 0.075556 0.078000  is(O5,N5,NEWVIEW)  
0.100000 0.050000 0.033333 0.025000 0.020000 0.016667 0.014286 0.012500 0.011111 0.010000  is(O5,N5,NOT)      
0.880000 0.910000 0.906667 0.915000 0.908000 0.903333 0.914286 0.910000 0.911111 0.910000  is(O5,N5,STAY)     
0.000000 0.000000 0.000000 0.000000 0.000000 0.000000 0.000000 0.000000 0.000000 0.000000  is(O7,N0,MOVE)     
0.000000 0.000000 0.000000 0.000000 0.000000 0.000000 0.000000 0.000000 0.000000 0.000000  is(O7,N0,NEWVIEW)  
0.940000 0.970000 0.980000 0.985000 0.988000 0.990000 0.991429 0.992500 0.993333 0.994000  is(O7,N0,NOT)      
0.060000 0.030000 0.020000 0.015000 0.012000 0.010000 0.008571 0.007500 0.006667 0.006000  is(O7,N0,STAY)     
0.000000 0.000000 0.000000 0.000000 0.000000 0.000000 0.000000 0.000000 0.000000 0.000000  is(O7,N4,MOVE)     
0.000000 0.000000 0.000000 0.000000 0.000000 0.000000 0.000000 0.000000 0.000000 0.000000  is(O7,N4,NEWVIEW)  
1.000000 1.000000 1.000000 1.000000 1.000000 1.000000 1.000000 1.000000 1.000000 1.000000  is(O7,N4,NOT)      
0.000000 0.000000 0.000000 0.000000 0.000000 0.000000 0.000000 0.000000 0.000000 0.000000  is(O7,N4,STAY)     
0.000000 0.000000 0.000000 0.000000 0.000000 0.000000 0.000000 0.000000 0.000000 0.000000  is(O7,N5,MOVE)     
0.000000 0.000000 0.000000 0.000000 0.000000 0.000000 0.000000 0.000000 0.000000 0.000000  is(O7,N5,NEWVIEW)  
0.980000 0.990000 0.993333 0.995000 0.996000 0.996667 0.997143 0.997500 0.997778 0.998000  is(O7,N5,NOT)      
0.020000 0.010000 0.006667 0.005000 0.004000 0.003333 0.002857 0.002500 0.002222 0.002000  is(O7,N5,STAY)     
0.000000 0.000000 0.000000 0.000000 0.000000 0.000000 0.000000 0.000000 0.000000 0.000000  is(O8,N0,MOVE)     
0.000000 0.000000 0.000000 0.000000 0.000000 0.000000 0.000000 0.000000 0.000000 0.000000  is(O8,N0,NEWVIEW)  
0.980000 0.990000 0.993333 0.995000 0.996000 0.996667 0.997143 0.997500 0.997778 0.998000  is(O8,N0,NOT)      
0.020000 0.010000 0.006667 0.005000 0.004000 0.003333 0.002857 0.002500 0.002222 0.002000  is(O8,N0,STAY)     
0.000000 0.000000 0.000000 0.000000 0.000000 0.000000 0.000000 0.000000 0.000000 0.000000  is(O8,N4,MOVE)     
0.000000 0.000000 0.000000 0.000000 0.000000 0.000000 0.000000 0.000000 0.000000 0.000000  is(O8,N4,NEWVIEW)  
1.000000 1.000000 1.000000 1.000000 1.000000 1.000000 1.000000 1.000000 1.000000 1.000000  is(O8,N4,NOT)      
0.000000 0.000000 0.000000 0.000000 0.000000 0.000000 0.000000 0.000000 0.000000 0.000000  is(O8,N4,STAY)     
0.000000 0.000000 0.000000 0.000000 0.000000 0.000000 0.000000 0.000000 0.000000 0.000000  is(O8,N5,MOVE)     
0.020000 0.010000 0.006667 0.005000 0.004000 0.003333 0.002857 0.002500 0.002222 0.002000  is(O8,N5,NEWVIEW)  
0.980000 0.990000 0.993333 0.995000 0.996000 0.996667 0.997143 0.997500 0.997778 0.998000  is(O8,N5,NOT)      
0.000000 0.000000 0.000000 0.000000 0.000000 0.000000 0.000000 0.000000 0.000000 0.000000  is(O8,N5,STAY)     
